n = 5, Seed = 1
[0, 18, 73, 98, 9]
[18, 0, 33, 16, 64]
[73, 33, 0, 98, 58]
[98, 16, 98, 0, 61]
[9, 64, 58, 61, 0]

n = 5, Seed = 2
[0, 8, 12, 11, 47]
[8, 0, 22, 95, 86]
[12, 22, 0, 40, 33]
[11, 95, 40, 0, 78]
[47, 86, 33, 78, 0]

n = 5, Seed = 3
[0, 31, 76, 70, 17]
[31, 0, 48, 78, 61]
[76, 48, 0, 81, 75]
[70, 78, 81, 0, 9]
[17, 61, 75, 9, 0]

n = 5, Seed = 4
[0, 31, 39, 14, 93]
[31, 0, 51, 62, 20]
[39, 51, 0, 12, 9]
[14, 62, 12, 0, 3]
[93, 20, 9, 3, 0]

n = 5, Seed = 5
[0, 80, 33, 95, 46]
[80, 0, 89, 95, 84]
[33, 89, 0, 68, 4]
[95, 95, 68, 0, 60]
[46, 84, 4, 60, 0]

n = 10, Seed = 1
[0, 18, 73, 98, 9, 33, 16, 64, 98, 58]
[18, 0, 61, 84, 49, 27, 13, 63, 4, 50]
[73, 61, 0, 56, 78, 98, 99, 1, 90, 58]
[98, 84, 56, 0, 35, 93, 30, 76, 14, 41]
[9, 49, 78, 35, 0, 4, 3, 4, 84, 70]
[33, 27, 98, 93, 4, 0, 2, 49, 88, 28]
[16, 13, 99, 30, 3, 2, 0, 55, 93, 4]
[64, 63, 1, 76, 4, 49, 55, 0, 68, 29]
[98, 4, 90, 14, 84, 88, 93, 68, 0, 98]
[58, 50, 58, 41, 70, 28, 4, 29, 98, 0]

n = 10, Seed = 2
[0, 8, 12, 11, 47, 22, 95, 86, 40, 33]
[8, 0, 78, 28, 78, 5, 75, 88, 21, 56]
[12, 78, 0, 82, 51, 93, 66, 48, 70, 57]
[11, 28, 82, 0, 65, 35, 5, 4, 47, 60]
[47, 78, 51, 65, 0, 41, 49, 55, 68, 22]
[22, 5, 93, 35, 41, 0, 72, 23, 31, 30]
[95, 75, 66, 5, 49, 72, 0, 4, 23, 42]
[86, 88, 48, 4, 55, 23, 4, 0, 23, 18]
[40, 21, 70, 47, 68, 31, 23, 23, 0, 66]
[33, 56, 57, 60, 22, 30, 42, 18, 66, 0]

n = 10, Seed = 3
[0, 31, 76, 70, 17, 48, 78, 61, 81, 75]
[31, 0, 9, 78, 2, 61, 34, 71, 30, 25]
[76, 9, 0, 92, 61, 70, 71, 61, 51, 82]
[70, 78, 92, 0, 20, 30, 82, 20, 67, 50]
[17, 2, 61, 20, 0, 95, 2, 86, 100, 9]
[48, 61, 70, 30, 95, 0, 21, 98, 76, 6]
[78, 34, 71, 82, 2, 21, 0, 39, 100, 4]
[61, 71, 61, 20, 86, 98, 39, 0, 35, 61]
[81, 30, 51, 67, 100, 76, 100, 35, 0, 77]
[75, 25, 82, 50, 9, 6, 4, 61, 77, 0]

n = 10, Seed = 4
[0, 31, 39, 14, 93, 51, 62, 20, 12, 9]
[31, 0, 3, 52, 71, 38, 98, 8, 29, 67]
[39, 3, 0, 69, 47, 36, 100, 23, 14, 34]
[14, 52, 69, 0, 28, 4, 83, 34, 35, 25]
[93, 71, 47, 28, 0, 22, 40, 38, 81, 94]
[51, 38, 36, 4, 22, 0, 48, 12, 78, 44]
[62, 98, 100, 83, 40, 48, 0, 86, 50, 65]
[20, 8, 23, 34, 38, 12, 86, 0, 32, 23]
[12, 29, 14, 35, 81, 78, 50, 32, 0, 32]
[9, 67, 34, 25, 94, 44, 65, 23, 32, 0]

n = 10, Seed = 5
[0, 80, 33, 95, 46, 89, 95, 84, 68, 4]
[80, 0, 60, 100, 32, 84, 7, 21, 15, 48]
[33, 60, 0, 61, 32, 49, 70, 14, 74, 32]
[95, 100, 61, 0, 2, 94, 28, 53, 36, 24]
[46, 32, 32, 2, 0, 99, 50, 21, 98, 10]
[89, 84, 49, 94, 99, 0, 18, 80, 80, 57]
[95, 7, 70, 28, 50, 18, 0, 17, 17, 1]
[84, 21, 14, 53, 21, 80, 17, 0, 1, 27]
[68, 15, 74, 36, 98, 80, 17, 1, 0, 100]
[4, 48, 32, 24, 10, 57, 1, 27, 100, 0]

n = 11, Seed = 1
[0, 18, 73, 98, 9, 33, 16, 64, 98, 58, 61]
[18, 0, 84, 49, 27, 13, 63, 4, 50, 56, 78]
[73, 84, 0, 98, 99, 1, 90, 58, 35, 93, 30]
[98, 49, 98, 0, 76, 14, 41, 4, 3, 4, 84]
[9, 27, 99, 76, 0, 70, 2, 49, 88, 28, 55]
[33, 13, 1, 14, 70, 0, 93, 4, 68, 29, 98]
[16, 63, 90, 41, 2, 93, 0, 57, 64, 71, 30]
[64, 4, 58, 4, 49, 4, 57, 0, 45, 30, 87]
[98, 50, 35, 3, 88, 68, 64, 45, 0, 29, 98]
[58, 56, 93, 4, 28, 29, 71, 30, 29, 0, 59]
[61, 78, 30, 84, 55, 98, 30, 87, 98, 59, 0]

n = 11, Seed = 2
[0, 8, 12, 11, 47, 22, 95, 86, 40, 33, 78]
[8, 0, 28, 78, 5, 75, 88, 21, 56, 82, 51]
[12, 28, 0, 93, 66, 48, 70, 57, 65, 35, 5]
[11, 78, 93, 0, 4, 47, 60, 41, 49, 55, 68]
[47, 5, 66, 4, 0, 22, 72, 23, 31, 30, 4]
[22, 75, 48, 47, 22, 0, 23, 42, 23, 18, 66]
[95, 88, 70, 60, 72, 23, 0, 66, 47, 66, 87]
[86, 21, 57, 41, 23, 42, 66, 0, 72, 24, 58]
[40, 56, 65, 49, 31, 23, 47, 72, 0, 54, 95]
[33, 82, 35, 55, 30, 18, 66, 24, 54, 0, 68]
[78, 51, 5, 68, 4, 66, 87, 58, 95, 68, 0]

n = 11, Seed = 3
[0, 31, 76, 70, 17, 48, 78, 61, 81, 75, 9]
[31, 0, 78, 2, 61, 34, 71, 30, 25, 92, 61]
[76, 78, 0, 70, 71, 61, 51, 82, 20, 30, 82]
[70, 2, 70, 0, 20, 67, 50, 95, 2, 86, 100]
[17, 61, 71, 20, 0, 9, 21, 98, 76, 6, 39]
[48, 34, 61, 67, 9, 0, 100, 4, 35, 61, 77]
[78, 71, 51, 50, 21, 100, 0, 93, 50, 92, 55]
[61, 30, 82, 95, 98, 4, 93, 0, 51, 94, 74]
[81, 25, 20, 2, 76, 35, 50, 51, 0, 57, 18]
[75, 92, 30, 86, 6, 61, 92, 94, 57, 0, 47]
[9, 61, 82, 100, 39, 77, 55, 74, 18, 47, 0]

n = 11, Seed = 4
[0, 31, 39, 14, 93, 51, 62, 20, 12, 9, 3]
[31, 0, 52, 71, 38, 98, 8, 29, 67, 69, 47]
[39, 52, 0, 36, 100, 23, 14, 34, 28, 4, 83]
[14, 71, 36, 0, 34, 35, 25, 22, 40, 38, 81]
[93, 38, 100, 34, 0, 94, 48, 12, 78, 44, 86]
[51, 98, 23, 35, 94, 0, 50, 65, 32, 23, 32]
[62, 8, 14, 25, 48, 50, 0, 61, 36, 12, 71]
[20, 29, 34, 22, 12, 65, 61, 0, 39, 1, 38]
[12, 67, 28, 40, 78, 32, 36, 39, 0, 74, 91]
[9, 69, 4, 38, 44, 23, 12, 1, 74, 0, 40]
[3, 47, 83, 81, 86, 32, 71, 38, 91, 40, 0]

n = 11, Seed = 5
[0, 80, 33, 95, 46, 89, 95, 84, 68, 4, 60]
[80, 0, 100, 32, 84, 7, 21, 15, 48, 61, 32]
[33, 100, 0, 49, 70, 14, 74, 32, 2, 94, 28]
[95, 32, 49, 0, 53, 36, 24, 99, 50, 21, 98]
[46, 84, 70, 53, 0, 10, 18, 80, 80, 57, 17]
[89, 7, 14, 36, 10, 0, 17, 1, 1, 27, 100]
[95, 21, 74, 24, 18, 17, 0, 28, 22, 22, 38]
[84, 15, 32, 99, 80, 1, 28, 0, 41, 26, 70]
[68, 48, 2, 50, 80, 1, 22, 41, 0, 87, 81]
[4, 61, 94, 21, 57, 27, 22, 26, 87, 0, 27]
[60, 32, 28, 98, 17, 100, 38, 70, 81, 27, 0]

n = 12, Seed = 1
[0, 18, 73, 98, 9, 33, 16, 64, 98, 58, 61, 84]
[18, 0, 49, 27, 13, 63, 4, 50, 56, 78, 98, 99]
[73, 49, 0, 1, 90, 58, 35, 93, 30, 76, 14, 41]
[98, 27, 1, 0, 4, 3, 4, 84, 70, 2, 49, 88]
[9, 13, 90, 4, 0, 28, 55, 93, 4, 68, 29, 98]
[33, 63, 58, 3, 28, 0, 57, 64, 71, 30, 45, 30]
[16, 4, 35, 4, 55, 57, 0, 87, 29, 98, 59, 38]
[64, 50, 93, 84, 93, 64, 87, 0, 3, 54, 72, 83]
[98, 56, 30, 70, 4, 71, 29, 3, 0, 13, 24, 81]
[58, 78, 76, 2, 68, 30, 98, 54, 13, 0, 93, 38]
[61, 98, 14, 49, 29, 45, 59, 72, 24, 93, 0, 16]
[84, 99, 41, 88, 98, 30, 38, 83, 81, 38, 16, 0]

n = 12, Seed = 2
[0, 8, 12, 11, 47, 22, 95, 86, 40, 33, 78, 28]
[8, 0, 78, 5, 75, 88, 21, 56, 82, 51, 93, 66]
[12, 78, 0, 48, 70, 57, 65, 35, 5, 4, 47, 60]
[11, 5, 48, 0, 41, 49, 55, 68, 22, 72, 23, 31]
[47, 75, 70, 41, 0, 30, 4, 23, 42, 23, 18, 66]
[22, 88, 57, 49, 30, 0, 66, 47, 66, 87, 72, 24]
[95, 21, 65, 55, 4, 66, 0, 58, 54, 95, 68, 98]
[86, 56, 35, 68, 23, 47, 58, 0, 47, 76, 46, 47]
[40, 82, 5, 22, 42, 66, 54, 47, 0, 58, 21, 97]
[33, 51, 4, 72, 23, 87, 95, 76, 58, 0, 52, 92]
[78, 93, 47, 23, 18, 72, 68, 46, 21, 52, 0, 95]
[28, 66, 60, 31, 66, 24, 98, 47, 97, 92, 95, 0]

n = 12, Seed = 3
[0, 31, 76, 70, 17, 48, 78, 61, 81, 75, 9, 78]
[31, 0, 2, 61, 34, 71, 30, 25, 92, 61, 70, 71]
[76, 2, 0, 61, 51, 82, 20, 30, 82, 20, 67, 50]
[70, 61, 61, 0, 95, 2, 86, 100, 9, 21, 98, 76]
[17, 34, 51, 95, 0, 6, 39, 100, 4, 35, 61, 77]
[48, 71, 82, 2, 6, 0, 93, 50, 92, 55, 51, 94]
[78, 30, 20, 86, 39, 93, 0, 74, 57, 18, 47, 13]
[61, 25, 30, 100, 100, 50, 74, 0, 5, 18, 64, 28]
[81, 92, 82, 9, 4, 92, 57, 5, 0, 34, 87, 56]
[75, 61, 20, 21, 35, 55, 18, 18, 34, 0, 100, 81]
[9, 70, 67, 98, 61, 51, 47, 64, 87, 100, 0, 39]
[78, 71, 50, 76, 77, 94, 13, 28, 56, 81, 39, 0]

n = 12, Seed = 4
[0, 31, 39, 14, 93, 51, 62, 20, 12, 9, 3, 52]
[31, 0, 71, 38, 98, 8, 29, 67, 69, 47, 36, 100]
[39, 71, 0, 23, 14, 34, 28, 4, 83, 34, 35, 25]
[14, 38, 23, 0, 22, 40, 38, 81, 94, 48, 12, 78]
[93, 98, 14, 22, 0, 44, 86, 50, 65, 32, 23, 32]
[51, 8, 34, 40, 44, 0, 61, 36, 12, 71, 39, 1]
[62, 29, 28, 38, 86, 61, 0, 38, 74, 91, 40, 98]
[20, 67, 4, 81, 50, 36, 38, 0, 66, 25, 53, 55]
[12, 69, 83, 94, 65, 12, 74, 66, 0, 77, 37, 56]
[9, 47, 34, 48, 32, 71, 91, 25, 77, 0, 58, 21]
[3, 36, 35, 12, 23, 39, 40, 53, 37, 58, 0, 30]
[52, 100, 25, 78, 32, 1, 98, 55, 56, 21, 30, 0]

n = 12, Seed = 5
[0, 80, 33, 95, 46, 89, 95, 84, 68, 4, 60, 100]
[80, 0, 32, 84, 7, 21, 15, 48, 61, 32, 49, 70]
[33, 32, 0, 14, 74, 32, 2, 94, 28, 53, 36, 24]
[95, 84, 14, 0, 99, 50, 21, 98, 10, 18, 80, 80]
[46, 7, 74, 99, 0, 57, 17, 17, 1, 1, 27, 100]
[89, 21, 32, 50, 57, 0, 28, 22, 22, 38, 41, 26]
[95, 15, 2, 21, 17, 28, 0, 70, 87, 81, 27, 24]
[84, 48, 94, 98, 17, 22, 70, 0, 89, 26, 50, 39]
[68, 61, 28, 10, 1, 22, 87, 89, 0, 3, 47, 54]
[4, 32, 53, 18, 1, 38, 81, 26, 3, 0, 22, 19]
[60, 49, 36, 80, 27, 41, 27, 50, 47, 22, 0, 34]
[100, 70, 24, 80, 100, 26, 24, 39, 54, 19, 34, 0]